*3DSMAX_ASCIIEXPORT	110
*COMMENT "[ Kerrax ASCII Model Exporter ] - Apr 13 2011"
*SCENE {
	*SCENE_FILENAME "shrekg3.gmax"
	*SCENE_FIRSTFRAME 0
	*SCENE_LASTFRAME 100
	*SCENE_FRAMESPEED 25
	*SCENE_TICKSPERFRAME 192
	*SCENE_BACKGROUND_STATIC 0	0	0
	*SCENE_AMBIENT_STATIC 0.2	0.2	0.2
}
*MATERIAL_LIST {
	*MATERIAL_COUNT 1
	*MATERIAL 0 {
		*MATERIAL_NAME "MultiMtl #0"
		*MATERIAL_CLASS "Multi/Sub-Object"
		*NUMSUBMTLS 2
		*SUBMATERIAL 0 {
			*MATERIAL_NAME "Mtl #2"
			*MATERIAL_CLASS "Standard"
			*MATERIAL_DIFFUSE 0.588	0.588	0.588
			*MAP_DIFFUSE {
				*BITMAP "Shrek_Body.tga"
			}
		}
		*SUBMATERIAL 1 {
			*MATERIAL_NAME "Mtl #3"
			*MATERIAL_CLASS "Standard"
			*MATERIAL_DIFFUSE 0.588	0.588	0.588
			*MAP_DIFFUSE {
				*BITMAP "Shrek_Head_Legs.tga"
			}
		}
	}
}
*HELPEROBJECT {
	*NODE_NAME "Bip01"
	*NODE_TM {
		*NODE_NAME "Bip01"
		*TM_ROW0 1.13249e-006	-1.0	0.0
		*TM_ROW1 1.0	1.13249e-006	0.0
		*TM_ROW2 0.0	0.0	1.0
		*TM_ROW3 -1e-006	0.0	100.39
		*TM_POS -1e-006	0.0	100.39
		*TM_ROTAXIS 0.0	0.0	1.0
		*TM_ROTANGLE 1.5708
		*TM_SCALE 1	1	1
		*TM_SCALEAXIS 0	0	0
		*TM_SCALEAXISANG 0	0	0
	}
}
*HELPEROBJECT {
	*NODE_NAME "Bip01 Pelvis"
	*NODE_PARENT "Bip01"
	*NODE_TM {
		*NODE_NAME "Bip01 Pelvis"
		*TM_ROW0 -1.43051e-006	0.0	1.0
		*TM_ROW1 2.98178e-006	-1.0	0.0
		*TM_ROW2 1.0	2.98178e-006	1.3113e-006
		*TM_ROW3 -1e-006	4e-005	100.39
		*TM_POS -1e-006	4e-005	100.39
		*TM_ROTAXIS -0.707106	-1.05628e-006	-0.707107
		*TM_ROTANGLE 3.14159
		*TM_SCALE 1	1	1
		*TM_SCALEAXIS 0	0	0
		*TM_SCALEAXISANG 0	0	0
	}
}
*HELPEROBJECT {
	*NODE_NAME "Bip01 Spine"
	*NODE_PARENT "Bip01 Pelvis"
	*NODE_TM {
		*NODE_NAME "Bip01 Spine"
		*TM_ROW0 -2.38419e-007	-0.259588	0.965719
		*TM_ROW1 -1.78814e-006	-0.965719	-0.259588
		*TM_ROW2 1.0	-1.78814e-006	-2.38419e-007
		*TM_ROW3 -9.99994e-007	-1.86469	107.969
		*TM_POS -9.99994e-007	-1.86469	107.969
		*TM_ROTAXIS -0.704044	0.092975	-0.704044
		*TM_ROTANGLE 3.32701
		*TM_SCALE 1	1	1
		*TM_SCALEAXIS 0	0	0
		*TM_SCALEAXISANG 0	0	0
	}
}
*HELPEROBJECT {
	*NODE_NAME "Bip01 Spine1"
	*NODE_PARENT "Bip01 Spine"
	*NODE_TM {
		*NODE_NAME "Bip01 Spine1"
		*TM_ROW0 -1.19209e-007	-0.0879481	0.996125
		*TM_ROW1 -1.08033e-006	-0.996125	-0.0879481
		*TM_ROW2 1.0	-1.08033e-006	-1.19209e-007
		*TM_ROW3 6e-006	-6.55859	125.486
		*TM_POS 6e-006	-6.55859	125.486
		*TM_ROTAXIS -0.706764	0.03114	-0.706764
		*TM_ROTANGLE 3.20385
		*TM_SCALE 1	1	1
		*TM_SCALEAXIS 0	0	0
		*TM_SCALEAXISANG 0	0	0
	}
}
*HELPEROBJECT {
	*NODE_NAME "Bip01 Spine2"
	*NODE_PARENT "Bip01 Spine1"
	*NODE_TM {
		*NODE_NAME "Bip01 Spine2"
		*TM_ROW0 1.19209e-007	0.172863	0.984946
		*TM_ROW1 -1.46031e-006	-0.984946	0.172863
		*TM_ROW2 1.0	-1.46031e-006	1.19209e-007
		*TM_ROW3 8e-006	-8.13954	143.55
		*TM_POS 8e-006	-8.13954	143.55
		*TM_ROTAXIS -0.70577	-0.0614629	-0.70577
		*TM_ROTANGLE 3.01882
		*TM_SCALE 1	1	1
		*TM_SCALEAXIS 0	0	0
		*TM_SCALEAXISANG 0	0	0
	}
}
*HELPEROBJECT {
	*NODE_NAME "Bip01 Spine3"
	*NODE_PARENT "Bip01 Spine2"
	*NODE_TM {
		*NODE_NAME "Bip01 Spine3"
		*TM_ROW0 1.19209e-007	0.172863	0.984946
		*TM_ROW1 -1.43796e-006	-0.984946	0.172863
		*TM_ROW2 1.0	-1.43796e-006	1.19209e-007
		*TM_ROW3 4e-006	-4.98999	161.413
		*TM_POS 4e-006	-4.98999	161.413
		*TM_ROTAXIS -0.70577	-0.0614629	-0.70577
		*TM_ROTANGLE 3.01882
		*TM_SCALE 1	1	1
		*TM_SCALEAXIS 0	0	0
		*TM_SCALEAXISANG 0	0	0
	}
}
*HELPEROBJECT {
	*NODE_NAME "Bip01 Neck"
	*NODE_PARENT "Bip01 Spine3"
	*NODE_TM {
		*NODE_NAME "Bip01 Neck"
		*TM_ROW0 5.96046e-007	-0.826733	0.562595
		*TM_ROW1 -1.78814e-006	-0.562595	-0.826733
		*TM_ROW2 1.0	-5.36442e-007	-1.78814e-006
		*TM_ROW3 -9.99997e-007	-1.85131	179.282
		*TM_POS -9.99997e-007	-1.85131	179.282
		*TM_ROTAXIS -0.662278	0.350396	-0.662277
		*TM_ROTANGLE 3.81565
		*TM_SCALE 1	1	1
		*TM_SCALEAXIS 0	0	0
		*TM_SCALEAXISANG 0	0	0
	}
}
*HELPEROBJECT {
	*NODE_NAME "Bip01 Neck1"
	*NODE_PARENT "Bip01 Neck"
	*NODE_TM {
		*NODE_NAME "Bip01 Neck1"
		*TM_ROW0 2.02656e-006	-0.843235	0.537545
		*TM_ROW1 -1.99676e-006	-0.537545	-0.843235
		*TM_ROW2 1.0	5.96046e-007	-2.74181e-006
		*TM_ROW3 7.99997e-006	-8.02733	183.492
		*TM_POS 7.99997e-006	-8.02733	183.492
		*TM_ROTAXIS -0.65927	0.361563	-0.659268
		*TM_ROTANGLE 3.83547
		*TM_SCALE 1	1	1
		*TM_SCALEAXIS 0	0	0
		*TM_SCALEAXISANG 0	0	0
	}
}
*HELPEROBJECT {
	*NODE_NAME "Bip01 Neck2"
	*NODE_PARENT "Bip01 Neck1"
	*NODE_TM {
		*NODE_NAME "Bip01 Neck2"
		*TM_ROW0 1.78814e-006	-0.934839	0.355071
		*TM_ROW1 -1.96695e-006	-0.355071	-0.934839
		*TM_ROW2 1.0	9.83477e-007	-2.5034e-006
		*TM_ROW3 1.8e-005	-14.3278	187.515
		*TM_POS 1.8e-005	-14.3278	187.515
		*TM_ROTAXIS -0.635522	0.438435	-0.63552
		*TM_ROTANGLE 3.96798
		*TM_SCALE 1	1	1
		*TM_SCALEAXIS 0	0	0
		*TM_SCALEAXISANG 0	0	0
	}
}
*HELPEROBJECT {
	*NODE_NAME "Bip01 Head"
	*NODE_PARENT "Bip01 Neck2"
	*NODE_TM {
		*NODE_NAME "Bip01 Head"
		*TM_ROW0 -2.38419e-007	-0.216439	0.976296
		*TM_ROW1 -2.11596e-006	-0.976296	-0.216439
		*TM_ROW2 1.0	-2.10851e-006	-2.38419e-007
		*TM_ROW3 2.80001e-005	-21.315	190.169
		*TM_POS 2.80001e-005	-21.315	190.169
		*TM_ROTAXIS -0.704996	0.0772102	-0.704996
		*TM_ROTANGLE 3.2957
		*TM_SCALE 1	1	1
		*TM_SCALEAXIS 0	0	0
		*TM_SCALEAXISANG 0	0	0
	}
}
*HELPEROBJECT {
	*NODE_NAME "Bip01 R Clavicle"
	*NODE_PARENT "Bip01 Neck"
	*NODE_TM {
		*NODE_NAME "Bip01 R Clavicle"
		*TM_ROW0 -0.930678	-0.0635278	-0.36028
		*TM_ROW1 -4.88013e-007	0.984808	-0.173649
		*TM_ROW2 0.365838	-0.161611	-0.916539
		*TM_ROW3 -20.767	-1.85469	184.641
		*TM_POS -20.767	-1.85469	184.641
		*TM_ROTAXIS 0.0165129	-0.996059	0.0871441
		*TM_ROTANGLE 2.7685
		*TM_SCALE 1	1	1
		*TM_SCALEAXIS 0	0	0
		*TM_SCALEAXISANG 0	0	0
	}
}
*HELPEROBJECT {
	*NODE_NAME "Bip01 R UpperArm"
	*NODE_PARENT "Bip01 R Clavicle"
	*NODE_TM {
		*NODE_NAME "Bip01 R UpperArm"
		*TM_ROW0 -0.773047	-0.00589883	-0.634321
		*TM_ROW1 0.286001	0.889316	-0.35682
		*TM_ROW2 0.566217	-0.457255	-0.685796
		*TM_ROW3 -38.1611	-3.042	177.907
		*TM_POS -38.1611	-3.042	177.907
		*TM_ROTAXIS -0.081023	-0.968496	0.235481
		*TM_ROTANGLE 2.47311
		*TM_SCALE 1	1	1
		*TM_SCALEAXIS 0	0	0
		*TM_SCALEAXISANG 0	0	0
	}
}
*HELPEROBJECT {
	*NODE_NAME "Bip01 R Forearm"
	*NODE_PARENT "Bip01 R UpperArm"
	*NODE_TM {
		*NODE_NAME "Bip01 R Forearm"
		*TM_ROW0 -0.705155	-0.136531	-0.695785
		*TM_ROW1 -0.426796	0.865339	0.262741
		*TM_ROW2 0.566217	0.482231	-0.668469
		*TM_ROW3 -72.5597	-3.30427	149.681
		*TM_POS -72.5597	-3.30427	149.681
		*TM_ROTAXIS 0.167113	-0.96085	-0.220999
		*TM_ROTANGLE 2.42514
		*TM_SCALE 1	1	1
		*TM_SCALEAXIS 0	0	0
		*TM_SCALEAXISANG 0	0	0
	}
}
*HELPEROBJECT {
	*NODE_NAME "Bip01 R Hand"
	*NODE_PARENT "Bip01 R Forearm"
	*NODE_TM {
		*NODE_NAME "Bip01 R Hand"
		*TM_ROW0 -0.705155	-0.136531	-0.695784
		*TM_ROW1 0.565876	0.482921	-0.66826
		*TM_ROW2 0.427247	-0.864955	-0.263275
		*TM_ROW3 -107.303	-10.0312	115.4
		*TM_POS -107.303	-10.0312	115.4
		*TM_ROTAXIS -0.146883	-0.838629	0.524526
		*TM_ROTANGLE 2.40797
		*TM_SCALE 1	1	1
		*TM_SCALEAXIS 0	0	0
		*TM_SCALEAXISANG 0	0	0
	}
}
*HELPEROBJECT {
	*NODE_NAME "Bip01 R Finger0"
	*NODE_PARENT "Bip01 R Hand"
	*NODE_TM {
		*NODE_NAME "Bip01 R Finger0"
		*TM_ROW0 -0.705155	-0.13653	-0.695784
		*TM_ROW1 0.566217	0.482232	-0.668469
		*TM_ROW2 0.426795	-0.865339	-0.262742
		*TM_ROW3 -130.274	-11.9844	89.0707
		*TM_POS -130.274	-11.9844	89.0707
		*TM_ROTAXIS -0.147033	-0.838401	0.524848
		*TM_ROTANGLE 2.40809
		*TM_SCALE 1	1	1
		*TM_SCALEAXIS 0	0	0
		*TM_SCALEAXISANG 0	0	0
	}
}
*HELPEROBJECT {
	*NODE_NAME "ZS_RIGHTHAND"
	*NODE_PARENT "Bip01 R Hand"
	*NODE_TM {
		*NODE_NAME "ZS_RIGHTHAND"
		*TM_ROW0 -0.412835	0.873598	0.257669
		*TM_ROW1 0.626567	0.0670729	0.776476
		*TM_ROW2 0.661045	0.482004	-0.575058
		*TM_ROW3 -109.399	-26.2896	95.5909
		*TM_POS -109.399	-26.2896	95.5909
		*TM_ROTAXIS -0.528504	-0.723959	-0.443359
		*TM_ROTANGLE 2.85927
		*TM_SCALE 1	1	1
		*TM_SCALEAXIS 0	0	0
		*TM_SCALEAXISANG 0	0	0
	}
}
*HELPEROBJECT {
	*NODE_NAME "Bip01 L Clavicle"
	*NODE_PARENT "Bip01 Neck"
	*NODE_TM {
		*NODE_NAME "Bip01 L Clavicle"
		*TM_ROW0 0.930679	-0.0635258	-0.36028
		*TM_ROW1 -1.38208e-006	0.984808	-0.173648
		*TM_ROW2 0.365838	0.161611	0.916539
		*TM_ROW3 20.767	-1.85462	184.641
		*TM_POS 20.767	-1.85462	184.641
		*TM_ROTAXIS 0.417874	-0.905048	0.0791781
		*TM_ROTANGLE 0.412771
		*TM_SCALE 1	1	1
		*TM_SCALEAXIS 0	0	0
		*TM_SCALEAXISANG 0	0	0
	}
}
*HELPEROBJECT {
	*NODE_NAME "Bip01 L UpperArm"
	*NODE_PARENT "Bip01 L Clavicle"
	*NODE_TM {
		*NODE_NAME "Bip01 L UpperArm"
		*TM_ROW0 0.773136	-0.0139275	-0.634087
		*TM_ROW1 0.176561	0.964965	0.194084
		*TM_ROW2 0.609169	-0.262008	0.748509
		*TM_ROW3 38.1611	-3.04189	177.907
		*TM_POS 38.1611	-3.04189	177.907
		*TM_ROTAXIS -0.3409	-0.929256	0.142378
		*TM_ROTANGLE 0.732799
		*TM_SCALE 1	1	1
		*TM_SCALEAXIS 0	0	0
		*TM_SCALEAXISANG 0	0	0
	}
}
*HELPEROBJECT {
	*NODE_NAME "Bip01 L Forearm"
	*NODE_PARENT "Bip01 L UpperArm"
	*NODE_TM {
		*NODE_NAME "Bip01 L Forearm"
		*TM_ROW0 0.727506	-0.131209	-0.673438
		*TM_ROW1 -0.0938738	0.953277	-0.287142
		*TM_ROW2 0.679649	0.272116	0.681198
		*TM_ROW3 72.5638	-3.66155	149.692
		*TM_POS 72.5638	-3.66155	149.692
		*TM_ROTAXIS 0.381855	-0.923871	0.0254922
		*TM_ROTANGLE 0.821682
		*TM_SCALE 1	1	1
		*TM_SCALEAXIS 0	0	0
		*TM_SCALEAXISANG 0	0	0
	}
}
*HELPEROBJECT {
	*NODE_NAME "Bip01 L Hand"
	*NODE_PARENT "Bip01 L Forearm"
	*NODE_TM {
		*NODE_NAME "Bip01 L Hand"
		*TM_ROW0 0.744884	-0.131209	-0.654165
		*TM_ROW1 -0.661654	-0.271356	-0.698985
		*TM_ROW2 -0.0857982	0.953494	-0.288944
		*TM_ROW3 108.408	-10.1262	116.511
		*TM_POS 108.408	-10.1262	116.511
		*TM_ROTAXIS 0.90486	-0.311225	-0.29046
		*TM_ROTANGLE 1.99074
		*TM_SCALE 1	1	1
		*TM_SCALEAXIS 0	0	0
		*TM_SCALEAXISANG 0	0	0
	}
}
*HELPEROBJECT {
	*NODE_NAME "Bip01 L Finger0"
	*NODE_PARENT "Bip01 L Hand"
	*NODE_TM {
		*NODE_NAME "Bip01 L Finger0"
		*TM_ROW0 0.744885	-0.131209	-0.654164
		*TM_ROW1 -0.661585	-0.272115	-0.698755
		*TM_ROW2 -0.0863248	0.953277	-0.2895
		*TM_ROW3 131.8	-14.5436	90.8587
		*TM_POS 131.8	-14.5436	90.8587
		*TM_ROTAXIS 0.904907	-0.311036	-0.290515
		*TM_ROTANGLE 1.99146
		*TM_SCALE 1	1	1
		*TM_SCALEAXIS 0	0	0
		*TM_SCALEAXISANG 0	0	0
	}
}
*HELPEROBJECT {
	*NODE_NAME "ZS_LEFTHAND"
	*NODE_PARENT "Bip01 L Hand"
	*NODE_TM {
		*NODE_NAME "ZS_LEFTHAND"
		*TM_ROW0 0.101961	-0.949959	0.295265
		*TM_ROW1 0.650615	-0.160851	-0.742177
		*TM_ROW2 0.752532	0.267777	0.601658
		*TM_ROW3 120.82	-30.8765	107.925
		*TM_POS 120.82	-30.8765	107.925
		*TM_ROTAXIS 0.518714	-0.234853	0.822058
		*TM_ROTANGLE 1.80145
		*TM_SCALE 1	1	1
		*TM_SCALEAXIS 0	0	0
		*TM_SCALEAXISANG 0	0	0
	}
}
*HELPEROBJECT {
	*NODE_NAME "ZS_CROSSBOW"
	*NODE_PARENT "Bip01 Spine3"
	*NODE_TM {
		*NODE_NAME "ZS_CROSSBOW"
		*TM_ROW0 -0.405534	-0.0900487	-0.909634
		*TM_ROW1 0.862856	0.290741	-0.413461
		*TM_ROW2 0.301699	-0.952555	-0.0402062
		*TM_ROW3 -22.0241	17.4491	156.732
		*TM_POS -22.0241	17.4491	156.732
		*TM_ROTAXIS -0.330169	-0.741883	0.583608
		*TM_ROTANGLE 2.18646
		*TM_SCALE 1	1	1
		*TM_SCALEAXIS 0	0	0
		*TM_SCALEAXISANG 0	0	0
	}
}
*HELPEROBJECT {
	*NODE_NAME "Bip01 L Thigh"
	*NODE_PARENT "Bip01 Spine"
	*NODE_TM {
		*NODE_NAME "Bip01 L Thigh"
		*TM_ROW0 0.0269982	-0.17659	-0.983914
		*TM_ROW1 -0.0400691	-0.983673	0.175447
		*TM_ROW2 -0.998832	0.0346879	-0.0336332
		*TM_ROW3 18.9348	2.37759	117.704
		*TM_POS 18.9348	2.37759	117.704
		*TM_ROTAXIS -0.715764	0.0758578	0.69421
		*TM_ROTANGLE 3.04311
		*TM_SCALE 1	1	1
		*TM_SCALEAXIS 0	0	0
		*TM_SCALEAXISANG 0	0	0
	}
}
*HELPEROBJECT {
	*NODE_NAME "Bip01 L Calf"
	*NODE_PARENT "Bip01 L Thigh"
	*NODE_TM {
		*NODE_NAME "Bip01 L Calf"
		*TM_ROW0 0.24853	-0.162575	-0.954883
		*TM_ROW1 0.00425625	-0.985621	0.168916
		*TM_ROW2 -0.968615	-0.046045	-0.244264
		*TM_ROW3 20.0725	-5.06407	76.241
		*TM_POS 20.0725	-5.06407	76.241
		*TM_ROTAXIS -0.78899	0.0504	0.612335
		*TM_ROTANGLE 3.00494
		*TM_SCALE 1	1	1
		*TM_SCALEAXIS 0	0	0
		*TM_SCALEAXISANG 0	0	0
	}
}
*HELPEROBJECT {
	*NODE_NAME "Bip01 L HorseLink"
	*NODE_PARENT "Bip01 L Calf"
	*NODE_TM {
		*NODE_NAME "Bip01 L HorseLink"
		*TM_ROW0 -0.056334	0.0972935	-0.99366
		*TM_ROW1 -0.0028264	-0.995252	-0.0972892
		*TM_ROW2 -0.998408	-0.00267221	0.0563415
		*TM_ROW3 28.289	-10.4389	44.672
		*TM_POS 28.289	-10.4389	44.672
		*TM_ROTAXIS 0.686443	0.0344455	-0.726367
		*TM_ROTANGLE 3.07262
		*TM_SCALE 1	1	1
		*TM_SCALEAXIS 0	0	0
		*TM_SCALEAXISANG 0	0	0
	}
}
*HELPEROBJECT {
	*NODE_NAME "Bip01 L Foot"
	*NODE_PARENT "Bip01 L HorseLink"
	*NODE_TM {
		*NODE_NAME "Bip01 L Foot"
		*TM_ROW0 -0.0256163	0.00838431	-0.999637
		*TM_ROW1 0.0386571	-0.999209	-0.00937134
		*TM_ROW2 -0.998924	-0.0388831	0.0252719
		*TM_ROW3 26.8855	-8.01493	19.9158
		*TM_POS 26.8855	-8.01493	19.9158
		*TM_ROTAXIS 0.69795	0.0168517	-0.715948
		*TM_ROTANGLE 3.16274
		*TM_SCALE 1	1	1
		*TM_SCALEAXIS 0	0	0
		*TM_SCALEAXISANG 0	0	0
	}
}
*HELPEROBJECT {
	*NODE_NAME "Bip01 L Toe0"
	*NODE_PARENT "Bip01 L Foot"
	*NODE_TM {
		*NODE_NAME "Bip01 L Toe0"
		*TM_ROW0 0.0386571	-0.999209	-0.00937182
		*TM_ROW1 0.0256159	-0.00838482	0.999637
		*TM_ROW2 -0.998924	-0.0388831	0.0252714
		*TM_ROW3 27.8337	-44.6626	1.01129
		*TM_POS 27.8337	-44.6626	1.01129
		*TM_ROTAXIS -0.58908	0.561304	0.581311
		*TM_ROTANGLE 2.06261
		*TM_SCALE 1	1	1
		*TM_SCALEAXIS 0	0	0
		*TM_SCALEAXISANG 0	0	0
	}
}
*HELPEROBJECT {
	*NODE_NAME "Bip01 R Thigh"
	*NODE_PARENT "Bip01 Spine"
	*NODE_TM {
		*NODE_NAME "Bip01 R Thigh"
		*TM_ROW0 -0.0610291	-0.202372	-0.977405
		*TM_ROW1 0.0494936	-0.97864	0.199537
		*TM_ROW2 -0.996908	-0.0361977	0.0697415
		*TM_ROW3 -18.9348	2.37753	117.704
		*TM_POS -18.9348	2.37753	117.704
		*TM_ROTAXIS 0.682251	-0.0564441	-0.728936
		*TM_ROTANGLE 3.31523
		*TM_SCALE 1	1	1
		*TM_SCALEAXIS 0	0	0
		*TM_SCALEAXISANG 0	0	0
	}
}
*HELPEROBJECT {
	*NODE_NAME "Bip01 R Calf"
	*NODE_PARENT "Bip01 R Thigh"
	*NODE_TM {
		*NODE_NAME "Bip01 R Calf"
		*TM_ROW0 0.0498375	-0.171242	-0.983968
		*TM_ROW1 -0.0603795	-0.983907	0.168174
		*TM_ROW2 -0.996931	0.0510302	-0.0593749
		*TM_ROW3 -21.5065	-6.15052	76.5153
		*TM_POS -21.5065	-6.15052	76.5153
		*TM_ROTAXIS -0.723974	0.0801141	0.685159
		*TM_ROTANGLE 3.0606
		*TM_SCALE 1	1	1
		*TM_SCALEAXIS 0	0	0
		*TM_SCALEAXISANG 0	0	0
	}
}
*HELPEROBJECT {
	*NODE_NAME "Bip01 R HorseLink"
	*NODE_PARENT "Bip01 R Calf"
	*NODE_TM {
		*NODE_NAME "Bip01 R HorseLink"
		*TM_ROW0 0.0964379	0.131479	-0.986617
		*TM_ROW1 0.0341282	-0.991091	-0.12874
		*TM_ROW2 -0.994754	-0.0212561	-0.100066
		*TM_ROW3 -19.8589	-11.8119	43.9848
		*TM_POS -19.8589	-11.8119	43.9848
		*TM_ROTAXIS -0.740015	-0.0560213	0.670254
		*TM_ROTANGLE 3.21428
		*TM_SCALE 1	1	1
		*TM_SCALEAXIS 0	0	0
		*TM_SCALEAXISANG 0	0	0
	}
}
*HELPEROBJECT {
	*NODE_NAME "Bip01 R Foot"
	*NODE_PARENT "Bip01 R HorseLink"
	*NODE_TM {
		*NODE_NAME "Bip01 R Foot"
		*TM_ROW0 -0.00706041	-0.029662	-0.999535
		*TM_ROW1 -0.0169391	-0.999413	0.0297781
		*TM_ROW2 -0.999832	0.0171415	0.00655377
		*TM_ROW3 -17.4563	-8.53623	19.404
		*TM_POS -17.4563	-8.53623	19.404
		*TM_ROTAXIS 0.704599	-0.016535	-0.709413
		*TM_ROTANGLE 3.15056
		*TM_SCALE 1	1	1
		*TM_SCALEAXIS 0	0	0
		*TM_SCALEAXISANG 0	0	0
	}
}
*HELPEROBJECT {
	*NODE_NAME "Bip01 R Toe0"
	*NODE_PARENT "Bip01 R Foot"
	*NODE_TM {
		*NODE_NAME "Bip01 R Toe0"
		*TM_ROW0 -0.0169392	-0.999413	0.0297781
		*TM_ROW1 0.00705996	0.0296621	0.999535
		*TM_ROW2 -0.999832	0.0171415	0.00655335
		*TM_ROW3 -18.2112	-45.8978	1.94343
		*TM_POS -18.2112	-45.8978	1.94343
		*TM_ROTAXIS -0.56361	0.590698	0.577425
		*TM_ROTANGLE 2.0833
		*TM_SCALE 1	1	1
		*TM_SCALEAXIS 0	0	0
		*TM_SCALEAXISANG 0	0	0
	}
}
*HELPEROBJECT {
	*NODE_NAME "ZS_SWORD"
	*NODE_PARENT "Bip01 Spine"
	*NODE_TM {
		*NODE_NAME "ZS_SWORD"
		*TM_ROW0 -0.103765	-0.493366	0.863611
		*TM_ROW1 0.0576066	-0.869821	-0.489992
		*TM_ROW2 0.992932	-0.00109433	0.118678
		*TM_ROW3 29.1669	-4.3507	116.705
		*TM_POS 29.1669	-4.3507	116.705
		*TM_ROTAXIS -0.653717	0.172919	-0.736718
		*TM_ROTANGLE 3.52484
		*TM_SCALE 1	1	1
		*TM_SCALEAXIS 0	0	0
		*TM_SCALEAXISANG 0	0	0
	}
}
*HELPEROBJECT {
	*NODE_NAME "ZS_LONGSWORD"
	*NODE_PARENT "Bip01 Spine"
	*NODE_TM {
		*NODE_NAME "ZS_LONGSWORD"
		*TM_ROW0 -0.103765	-0.493366	0.863611
		*TM_ROW1 0.0576066	-0.869821	-0.489992
		*TM_ROW2 0.992932	-0.00109433	0.118678
		*TM_ROW3 29.1669	-4.3507	116.705
		*TM_POS 29.1669	-4.3507	116.705
		*TM_ROTAXIS -0.653717	0.172919	-0.736718
		*TM_ROTANGLE 3.52484
		*TM_SCALE 1	1	1
		*TM_SCALEAXIS 0	0	0
		*TM_SCALEAXISANG 0	0	0
	}
}
*GEOMOBJECT {
	*NODE_NAME "zm_Skin"
	*NODE_PARENT "Bip01"
	*NODE_TM {
		*NODE_NAME "zm_Skin"
		*TM_ROW0 1.0	0.0	0.0
		*TM_ROW1 0.0	1.0	0.0
		*TM_ROW2 0.0	0.0	1.0
		*TM_ROW3 10.8615	-17.4609	24.1837
		*TM_POS 10.8615	-17.4609	24.1837
		*TM_ROTAXIS 0.0	0.0	0.0
		*TM_ROTANGLE 0.0
		*TM_SCALE 1	1	1
		*TM_SCALEAXIS 0	0	0
		*TM_SCALEAXISANG 0	0	0
	}
	*MATERIAL_REF 0
	*MESH_SOFTSKIN {
		*TIMEVALUE 0
		*MESH_NUMVERTEX 1525
		*MESH_NUMFACES 1470
		*MESH_VERTEX_LIST {
			*MESH_VERTEX 0	-41.4383	3.46675	109.524
			*MESH_VERTEX 1	-28.7764	-20.5395	83.84
			*MESH_VERTEX 2	-37.8131	-16.2606	101.365
			*MESH_VERTEX 3	-19.5396	-41.7278	96.0601
			*MESH_VERTEX 4	-30.8293	-31.1763	98.9206
			*MESH_VERTEX 5	25.7107	-41.732	97.5593
			*MESH_VERTEX 6	43.4101	-15.4256	103.211
			*MESH_VERTEX 7	37.1835	-29.9012	100.846
			*MESH_VERTEX 8	-136.477	-12.633	81.7204
			*MESH_VERTEX 9	-137.593	-12.835	78.574
			*MESH_VERTEX 10	-136.441	-17.6766	82.3043
			*MESH_VERTEX 11	-137.398	-18.1968	79.0873
			*MESH_VERTEX 12	-135.467	-1.66149	82.3003
			*MESH_VERTEX 13	-136.357	-1.65484	79.4734
			*MESH_VERTEX 14	-135.872	-6.83142	82.4499
			*MESH_VERTEX 15	-137.172	-6.97744	79.1224
			*MESH_VERTEX 16	-130.52	7.37694	85.0135
			*MESH_VERTEX 17	-131.16	7.20434	81.0977
			*MESH_VERTEX 18	-131.702	2.43881	85.0439
			*MESH_VERTEX 19	-132.414	2.22493	81.2022
			*MESH_VERTEX 20	-135.923	-28.2555	83.181
			*MESH_VERTEX 21	-134.681	-27.5001	86.1957
			*MESH_VERTEX 22	-135.999	-23.5104	82.2036
			*MESH_VERTEX 23	-134.727	-22.4927	85.3549
			*MESH_VERTEX 24	-134.872	-22.7853	82.4322
			*MESH_VERTEX 25	142.25	1.09366	84.4993
			*MESH_VERTEX 26	141.259	1.06828	87.2922
			*MESH_VERTEX 27	143.182	-4.21161	84.1797
			*MESH_VERTEX 28	141.759	-4.09259	87.4581
			*MESH_VERTEX 29	142.568	-14.9243	87.3373
			*MESH_VERTEX 30	143.651	-15.4244	84.1572
			*MESH_VERTEX 31	142.526	-9.88062	86.7534
			*MESH_VERTEX 32	143.758	-10.0595	83.6492
			*MESH_VERTEX 33	142.228	-25.5117	88.1985
			*MESH_VERTEX 34	142.246	-20.7655	87.2229
			*MESH_VERTEX 35	140.864	-24.782	91.1663
			*MESH_VERTEX 36	140.841	-19.7742	90.3258
			*MESH_VERTEX 37	141.097	-20.0628	87.4104
			*MESH_VERTEX 38	136.571	9.8455	85.9273
			*MESH_VERTEX 39	135.786	10.0042	89.8175
			*MESH_VERTEX 40	138.231	7.50825	86.5915
			*MESH_VERTEX 41	137.57	7.85849	90.6954
			*MESH_VERTEX 42	137.918	4.89166	86.0787
			*MESH_VERTEX 43	137.064	5.09024	89.8924
			*MESH_VERTEX 44	120.804	-39.1106	95.2992
			*MESH_VERTEX 45	120.094	-37.896	97.9533
			*MESH_VERTEX 46	117.363	-41.1031	95.3931
			*MESH_VERTEX 47	116.789	-38.5054	98.67
			*MESH_VERTEX 48	113.919	-37.9022	96.8754
			*MESH_VERTEX 49	114.152	-39.1171	94.1385
			*MESH_VERTEX 50	-114.505	-41.4317	91.0545
			*MESH_VERTEX 51	-111.031	-43.3561	91.273
			*MESH_VERTEX 52	-113.915	-40.2044	93.7319
			*MESH_VERTEX 53	-110.626	-40.7488	94.5675
			*MESH_VERTEX 54	-107.707	-40.0884	92.8774
			*MESH_VERTEX 55	-107.817	-41.3069	90.1345
			*MESH_VERTEX 56	142.526	-9.88062	86.7534
			*MESH_VERTEX 57	142.568	-14.9243	87.3373
			*MESH_VERTEX 58	143.587	-10.0494	83.5663
			*MESH_VERTEX 59	143.632	-15.4737	84.195
			*MESH_VERTEX 60	142.088	-12.9191	82.6303
			*MESH_VERTEX 61	139.448	-16.8396	86.6956
			*MESH_VERTEX 62	136.167	-12.8797	85.767
			*MESH_VERTEX 63	135.854	-15.2689	93.3597
			*MESH_VERTEX 64	135.8	-8.27949	92.5495
			*MESH_VERTEX 65	132.093	-14.8262	95.7123
			*MESH_VERTEX 66	132.042	-8.22995	94.9478
			*MESH_VERTEX 67	129.011	-15.7482	97.7291
			*MESH_VERTEX 68	128.198	-7.65555	97.424
			*MESH_VERTEX 69	121.915	-3.66602	99.2251
			*MESH_VERTEX 70	126.039	-0.899193	96.8359
			*MESH_VERTEX 71	120.348	5.39275	99.4775
			*MESH_VERTEX 72	128.522	1.03707	93.8356
			*MESH_VERTEX 73	126.654	6.24466	94.2743
			*MESH_VERTEX 74	130.558	2.00218	91.3353
			*MESH_VERTEX 75	128.453	7.05047	90.8354
			*MESH_VERTEX 76	132.247	4.80144	84.9174
			*MESH_VERTEX 77	130.311	9.64087	91.9151
			*MESH_VERTEX 78	132.229	9.63826	85.8304
			*MESH_VERTEX 79	134.707	5.85758	84.0879
			*MESH_VERTEX 80	136.695	9.94156	85.4929
			*MESH_VERTEX 81	138.068	4.65683	85.5738
			*MESH_VERTEX 82	137.064	5.09024	89.8924
			*MESH_VERTEX 83	135.786	10.0042	89.8175
			*MESH_VERTEX 84	129.197	9.57985	94.3075
			*MESH_VERTEX 85	127.015	8.68543	97.3531
			*MESH_VERTEX 86	121.758	8.46007	102.83
			*MESH_VERTEX 87	113.502	1.09145	102.457
			*MESH_VERTEX 88	114.977	-7.49645	103.125
			*MESH_VERTEX 89	119.715	-34.8848	103.976
			*MESH_VERTEX 90	118.868	-35.8238	104.609
			*MESH_VERTEX 91	118.858	-36.4719	101.319
			*MESH_VERTEX 92	113.918	-36.4767	100.457
			*MESH_VERTEX 93	113.119	-35.8294	103.605
			*MESH_VERTEX 94	120.824	-39.4963	95.4035
			*MESH_VERTEX 95	122.347	-35.8395	95.703
			*MESH_VERTEX 96	120.094	-37.896	97.9533
			*MESH_VERTEX 97	118.868	-38.6416	99.0674
			*MESH_VERTEX 98	113.919	-37.9022	96.8754
			*MESH_VERTEX 99	114.697	-38.6452	98.3399
			*MESH_VERTEX 100	112.558	-35.8489	93.9947
			*MESH_VERTEX 101	112.536	-34.8917	102.724
			*MESH_VERTEX 102	113.72	-33.8446	104.934
			*MESH_VERTEX 103	117.874	-33.8406	105.659
			*MESH_VERTEX 104	120.68	-30.4631	103.548
			*MESH_VERTEX 105	121.192	-32.3307	101.27
			*MESH_VERTEX 106	109.601	-14.7746	103.712
			*MESH_VERTEX 107	109.515	-20.2491	102.637
			*MESH_VERTEX 108	107.128	-19.7271	110.118
			*MESH_VERTEX 109	107.432	-23.342	107.302
			*MESH_VERTEX 110	112.622	-26.2365	99.8402
			*MESH_VERTEX 111	109.875	-28.1263	104.48
			*MESH_VERTEX 112	112.0	-30.4714	102.033
			*MESH_VERTEX 113	112.166	-30.9366	107.158
			*MESH_VERTEX 114	118.148	-31.4836	107.655
			*MESH_VERTEX 115	120.887	-29.1226	105.314
			*MESH_VERTEX 116	138.787	-15.8187	94.0046
			*MESH_VERTEX 117	136.824	-15.5742	96.397
			*MESH_VERTEX 118	134.63	-15.206	98.8928
			*MESH_VERTEX 119	130.762	-15.5537	99.4916
			*MESH_VERTEX 120	133.511	-15.7319	98.0924
			*MESH_VERTEX 121	131.459	-16.7355	94.7353
			*MESH_VERTEX 122	135.669	-16.5437	95.8293
			*MESH_VERTEX 123	134.77	-17.4861	92.8844
			*MESH_VERTEX 124	137.589	-17.4418	93.6767
			*MESH_VERTEX 125	135.435	-21.8379	88.2305
			*MESH_VERTEX 126	137.636	-17.8766	88.9928
			*MESH_VERTEX 127	139.157	-22.335	86.672
			*MESH_VERTEX 128	141.128	-20.1099	87.4301
			*MESH_VERTEX 129	140.841	-19.7742	90.3258
			*MESH_VERTEX 130	140.864	-24.782	91.1663
			*MESH_VERTEX 131	141.183	-25.3556	88.3221
			*MESH_VERTEX 132	137.676	-26.2333	90.3945
			*MESH_VERTEX 133	133.77	-24.4582	93.9247
			*MESH_VERTEX 134	130.463	-23.6139	96.5894
			*MESH_VERTEX 135	126.936	-23.0731	100.576
			*MESH_VERTEX 136	125.258	-15.4965	99.1115
			*MESH_VERTEX 137	122.214	-22.0136	101.619
			*MESH_VERTEX 138	120.842	-22.5783	102.527
			*MESH_VERTEX 139	120.298	-24.1067	102.992
			*MESH_VERTEX 140	120.798	-26.9394	101.432
			*MESH_VERTEX 141	120.884	-30.6885	99.0265
			*MESH_VERTEX 142	117.813	-33.2428	92.7648
			*MESH_VERTEX 143	117.954	-36.5325	91.9781
			*MESH_VERTEX 144	114.185	-39.5027	94.2447
			*MESH_VERTEX 145	137.271	9.55125	90.613
			*MESH_VERTEX 146	134.713	9.78589	94.8819
			*MESH_VERTEX 147	138.134	6.23097	90.664
			*MESH_VERTEX 148	136.408	5.36918	94.9991
			*MESH_VERTEX 149	135.503	2.59691	87.3312
			*MESH_VERTEX 150	133.175	2.70063	92.9193
			*MESH_VERTEX 151	132.375	2.29119	94.6052
			*MESH_VERTEX 152	135.297	4.30136	96.5233
			*MESH_VERTEX 153	130.432	1.20745	96.3854
			*MESH_VERTEX 154	134.569	4.58412	100.451
			*MESH_VERTEX 155	128.854	0.165611	97.4518
			*MESH_VERTEX 156	131.862	1.33212	101.992
			*MESH_VERTEX 157	136.654	0.948857	100.211
			*MESH_VERTEX 158	136.691	-1.8359	103.619
			*MESH_VERTEX 159	137.833	-4.25653	100.373
			*MESH_VERTEX 160	135.114	-6.92548	102.177
			*MESH_VERTEX 161	132.113	-7.15044	98.2596
			*MESH_VERTEX 162	139.37	-8.3099	101.067
			*MESH_VERTEX 163	134.567	-7.09345	97.9514
			*MESH_VERTEX 164	136.759	-7.27249	95.435
			*MESH_VERTEX 165	140.872	-8.38905	98.9748
			*MESH_VERTEX 166	141.742	-8.66517	96.7485
			*MESH_VERTEX 167	141.782	-13.8416	97.3489
			*MESH_VERTEX 168	143.682	-10.5712	87.8617
			*MESH_VERTEX 169	143.711	-13.9795	88.2571
			*MESH_VERTEX 170	140.912	-13.6144	99.58
			*MESH_VERTEX 171	139.462	-13.3457	101.474
			*MESH_VERTEX 172	138.722	-7.55183	93.0466
			*MESH_VERTEX 173	139.376	-8.21464	85.6965
			*MESH_VERTEX 174	131.07	6.70285	105.4
			*MESH_VERTEX 175	132.114	8.36883	100.696
			*MESH_VERTEX 176	134.612	9.37684	97.0288
			*MESH_VERTEX 177	132.861	9.79072	96.3793
			*MESH_VERTEX 178	133.373	-6.87775	97.5358
			*MESH_VERTEX 179	135.707	-6.55168	95.1752
			*MESH_VERTEX 180	139.25	-3.80197	98.6231
			*MESH_VERTEX 181	140.15	-3.72604	96.3864
			*MESH_VERTEX 182	137.988	1.40764	98.2314
			*MESH_VERTEX 183	137.581	-6.23911	92.9152
			*MESH_VERTEX 184	138.467	-6.47334	86.5782
			*MESH_VERTEX 185	142.514	-3.11479	88.5143
			*MESH_VERTEX 186	131.513	1.34279	97.0208
			*MESH_VERTEX 187	133.702	1.72485	94.553
			*MESH_VERTEX 188	138.9	1.43463	95.9989
			*MESH_VERTEX 189	142.176	0.372449	88.4017
			*MESH_VERTEX 190	140.97	1.06547	87.2869
			*MESH_VERTEX 191	141.471	-4.09561	87.4529
			*MESH_VERTEX 192	142.71	-4.40677	84.196
			*MESH_VERTEX 193	135.588	1.98969	92.2963
			*MESH_VERTEX 194	137.653	1.74942	86.2928
			*MESH_VERTEX 195	142.173	1.14361	84.0174
			*MESH_VERTEX 196	138.837	-10.429	104.342
			*MESH_VERTEX 197	135.074	-14.4349	103.696
			*MESH_VERTEX 198	138.053	-16.492	100.938
			*MESH_VERTEX 199	139.452	-17.2752	99.4569
			*MESH_VERTEX 200	140.363	-17.7497	97.3221
			*MESH_VERTEX 201	139.631	-22.8526	98.084
			*MESH_VERTEX 202	141.935	-20.4016	91.5304
			*MESH_VERTEX 203	141.95	-23.7857	92.0988
			*MESH_VERTEX 204	136.498	-25.047	94.8112
			*MESH_VERTEX 205	134.497	-24.7278	97.0504
			*MESH_VERTEX 206	138.713	-22.4266	100.225
			*MESH_VERTEX 207	137.333	-21.4587	101.916
			*MESH_VERTEX 208	128.011	-23.5392	103.44
			*MESH_VERTEX 209	132.349	-23.8354	99.3016
			*MESH_VERTEX 210	136.25	5.37885	97.1209
			*MESH_VERTEX 211	131.131	-7.08217	94.1865
			*MESH_VERTEX 212	134.645	-6.3382	92.1207
			*MESH_VERTEX 213	135.846	-2.8568	84.8468
			*MESH_VERTEX 214	139.753	-1.93076	82.9071
			*MESH_VERTEX 215	129.422	-0.0317605	93.6562
			*MESH_VERTEX 216	132.958	0.624804	91.5971
			*MESH_VERTEX 217	112.057	-32.3395	99.6756
			*MESH_VERTEX 218	113.103	-30.6959	97.6689
			*MESH_VERTEX 219	121.229	-26.1515	106.113
			*MESH_VERTEX 220	119.616	-27.2685	109.244
			*MESH_VERTEX 221	111.044	-26.8294	111.093
			*MESH_VERTEX 222	111.773	-23.139	115.365
			*MESH_VERTEX 223	122.172	-23.2773	111.648
			*MESH_VERTEX 224	122.248	-23.9625	105.728
			*MESH_VERTEX 225	124.309	-23.3571	104.576
			*MESH_VERTEX 226	130.777	-22.8486	107.781
			*MESH_VERTEX 227	132.751	-22.6905	105.926
			*MESH_VERTEX 228	134.608	-19.8928	106.718
			*MESH_VERTEX 229	133.463	-19.2191	108.326
			*MESH_VERTEX 230	127.693	8.72088	104.235
			*MESH_VERTEX 231	126.349	8.49652	106.672
			*MESH_VERTEX 232	129.392	5.35045	107.001
			*MESH_VERTEX 233	119.52	6.65008	111.222
			*MESH_VERTEX 234	115.562	6.52723	107.416
			*MESH_VERTEX 235	121.192	-32.3307	101.27
			*MESH_VERTEX 236	121.192	-32.3307	101.27
			*MESH_VERTEX 237	122.347	-35.8395	95.703
			*MESH_VERTEX 238	122.347	-35.8395	95.703
			*MESH_VERTEX 239	122.347	-35.8395	95.703
			*MESH_VERTEX 240	136.695	9.94156	85.4929
			*MESH_VERTEX 241	132.229	9.63826	85.8304
			*MESH_VERTEX 242	135.786	10.0042	89.8175
			*MESH_VERTEX 243	135.786	10.0042	89.8175
			*MESH_VERTEX 244	132.229	9.63826	85.8304
			*MESH_VERTEX 245	132.229	9.63826	85.8304
			*MESH_VERTEX 246	142.526	-9.88062	86.7534
			*MESH_VERTEX 247	142.526	-9.88062	86.7534
			*MESH_VERTEX 248	142.568	-14.9243	87.3373
			*MESH_VERTEX 249	139.448	-16.8396	86.6956
			*MESH_VERTEX 250	142.568	-14.9243	87.3373
			*MESH_VERTEX 251	142.568	-14.9243	87.3373
			*MESH_VERTEX 252	139.448	-16.8396	86.6956
			*MESH_VERTEX 253	143.632	-15.4737	84.195
			*MESH_VERTEX 254	139.448	-16.8396	86.6956
			*MESH_VERTEX 255	139.448	-16.8396	86.6956
			*MESH_VERTEX 256	138.787	-15.8187	94.0046
			*MESH_VERTEX 257	138.787	-15.8187	94.0046
			*MESH_VERTEX 258	136.824	-15.5742	96.397
			*MESH_VERTEX 259	136.824	-15.5742	96.397
			*MESH_VERTEX 260	136.824	-15.5742	96.397
			*MESH_VERTEX 261	142.526	-9.88062	86.7534
			*MESH_VERTEX 262	142.526	-9.88062	86.7534
			*MESH_VERTEX 263	143.587	-10.0494	83.5663
			*MESH_VERTEX 264	129.197	9.57985	94.3075
			*MESH_VERTEX 265	129.197	9.57985	94.3075
			*MESH_VERTEX 266	130.311	9.64087	91.9151
			*MESH_VERTEX 267	132.229	9.63826	85.8304
			*MESH_VERTEX 268	130.311	9.64087	91.9151
			*MESH_VERTEX 269	136.824	-15.5742	96.397
			*MESH_VERTEX 270	134.63	-15.206	98.8928
			*MESH_VERTEX 271	134.63	-15.206	98.8928
			*MESH_VERTEX 272	130.762	-15.5537	99.4916
			*MESH_VERTEX 273	130.762	-15.5537	99.4916
			*MESH_VERTEX 274	130.762	-15.5537	99.4916
			*MESH_VERTEX 275	130.762	-15.5537	99.4916
			*MESH_VERTEX 276	133.511	-15.7319	98.0924
			*MESH_VERTEX 277	133.511	-15.7319	98.0924
			*MESH_VERTEX 278	135.669	-16.5437	95.8293
			*MESH_VERTEX 279	135.669	-16.5437	95.8293
			*MESH_VERTEX 280	135.669	-16.5437	95.8293
			*MESH_VERTEX 281	140.841	-19.7742	90.3258
			*MESH_VERTEX 282	140.841	-19.7742	90.3258
			*MESH_VERTEX 283	140.864	-24.782	91.1663
			*MESH_VERTEX 284	137.676	-26.2333	90.3945
			*MESH_VERTEX 285	140.864	-24.782	91.1663
			*MESH_VERTEX 286	140.864	-24.782	91.1663
			*MESH_VERTEX 287	137.676	-26.2333	90.3945
			*MESH_VERTEX 288	141.183	-25.3556	88.3221
			*MESH_VERTEX 289	137.676	-26.2333	90.3945
			*MESH_VERTEX 290	137.676	-26.2333	90.3945
			*MESH_VERTEX 291	135.669	-16.5437	95.8293
			*MESH_VERTEX 292	137.589	-17.4418	93.6767
			*MESH_VERTEX 293	137.589	-17.4418	93.6767
			*MESH_VERTEX 294	137.636	-17.8766	88.9928
			*MESH_VERTEX 295	137.636	-17.8766	88.9928
			*MESH_VERTEX 296	140.841	-19.7742	90.3258
			*MESH_VERTEX 297	137.636	-17.8766	88.9928
			*MESH_VERTEX 298	137.636	-17.8766	88.9928
			*MESH_VERTEX 299	140.841	-19.7742	90.3258
			*MESH_VERTEX 300	141.128	-20.1099	87.4301
			*MESH_VERTEX 301	139.376	-8.21464	85.6965
			*MESH_VERTEX 302	139.376	-8.21464	85.6965
			*MESH_VERTEX 303	139.376	-8.21464	85.6965
			*MESH_VERTEX 304	138.722	-7.55183	93.0466
			*MESH_VERTEX 305	138.722	-7.55183	93.0466
			*MESH_VERTEX 306	138.722	-7.55183	93.0466
			*MESH_VERTEX 307	136.759	-7.27249	95.435
			*MESH_VERTEX 308	136.759	-7.27249	95.435
			*MESH_VERTEX 309	136.759	-7.27249	95.435
			*MESH_VERTEX 310	134.567	-7.09345	97.9514
			*MESH_VERTEX 311	134.567	-7.09345	97.9514
			*MESH_VERTEX 312	134.567	-7.09345	97.9514
			*MESH_VERTEX 313	132.113	-7.15044	98.2596
			*MESH_VERTEX 314	132.113	-7.15044	98.2596
			*MESH_VERTEX 315	133.373	-6.87775	97.5358
			*MESH_VERTEX 316	133.373	-6.87775	97.5358
			*MESH_VERTEX 317	133.373	-6.87775	97.5358
			*MESH_VERTEX 318	135.707	-6.55168	95.1752
			*MESH_VERTEX 319	135.707	-6.55168	95.1752
			*MESH_VERTEX 320	135.707	-6.55168	95.1752
			*MESH_VERTEX 321	137.581	-6.23911	92.9152
			*MESH_VERTEX 322	137.581	-6.23911	92.9152
			*MESH_VERTEX 323	138.467	-6.47334	86.5782
			*MESH_VERTEX 324	138.467	-6.47334	86.5782
			*MESH_VERTEX 325	138.467	-6.47334	86.5782
			*MESH_VERTEX 326	137.653	1.74942	86.2928
			*MESH_VERTEX 327	137.653	1.74942	86.2928
			*MESH_VERTEX 328	142.173	1.14361	84.0174
			*MESH_VERTEX 329	142.173	1.14361	84.0174
			*MESH_VERTEX 330	142.71	-4.40677	84.196
			*MESH_VERTEX 331	142.71	-4.40677	84.196
			*MESH_VERTEX 332	142.173	1.14361	84.0174
			*MESH_VERTEX 333	141.471	-4.09561	87.4529
			*MESH_VERTEX 334	142.173	1.14361	84.0174
			*MESH_VERTEX 335	140.97	1.06547	87.2869
			*MESH_VERTEX 336	141.471	-4.09561	87.4529
			*MESH_VERTEX 337	142.71	-4.40677	84.196
			*MESH_VERTEX 338	138.467	-6.47334	86.5782
			*MESH_VERTEX 339	137.653	1.74942	86.2928
			*MESH_VERTEX 340	135.588	1.98969	92.2963
			*MESH_VERTEX 341	135.588	1.98969	92.2963
			*MESH_VERTEX 342	135.588	1.98969	92.2963
			*MESH_VERTEX 343	133.702	1.72485	94.553
			*MESH_VERTEX 344	133.702	1.72485	94.553
			*MESH_VERTEX 345	133.702	1.72485	94.553
			*MESH_VERTEX 346	131.513	1.34279	97.0208
			*MESH_VERTEX 347	131.513	1.34279	97.0208
			*MESH_VERTEX 348	131.513	1.34279	97.0208
			*MESH_VERTEX 349	128.854	0.165611	97.4518
			*MESH_VERTEX 350	128.854	0.165611	97.4518
			*MESH_VERTEX 351	130.432	1.20745	96.3854
			*MESH_VERTEX 352	130.432	1.20745	96.3854
			*MESH_VERTEX 353	130.432	1.20745	96.3854
			*MESH_VERTEX 354	132.375	2.29119	94.6052
			*MESH_VERTEX 355	132.375	2.29119	94.6052
			*MESH_VERTEX 356	132.375	2.29119	94.6052
			*MESH_VERTEX 357	133.175	2.70063	92.9193
			*MESH_VERTEX 358	133.175	2.70063	92.9193
			*MESH_VERTEX 359	135.503	2.59691	87.3312
			*MESH_VERTEX 360	135.503	2.59691	87.3312
			*MESH_VERTEX 361	135.503	2.59691	87.3312
			*MESH_VERTEX 362	135.503	2.59691	87.3312
			*MESH_VERTEX 363	138.068	4.65683	85.5738
			*MESH_VERTEX 364	137.064	5.09024	89.8924
			*MESH_VERTEX 365	137.064	5.09024	89.8924
			*MESH_VERTEX 366	137.064	5.09024	89.8924
			*MESH_VERTEX 367	135.786	10.0042	89.8175
			*MESH_VERTEX 368	135.786	10.0042	89.8175
			*MESH_VERTEX 369	129.197	9.57985	94.3075
			*MESH_VERTEX 370	127.015	8.68543	97.3531
			*MESH_VERTEX 371	127.015	8.68543	97.3531
			*MESH_VERTEX 372	127.015	8.68543	97.3531
			*MESH_VERTEX 373	121.758	8.46007	102.83
			*MESH_VERTEX 374	121.758	8.46007	102.83
			*MESH_VERTEX 375	121.758	8.46007	102.83
			*MESH_VERTEX 376	121.758	8.46007	102.83
			*MESH_VERTEX 377	122.347	-35.8395	95.703
			*MESH_VERTEX 378	120.824	-39.4963	95.4035
			*MESH_VERTEX 379	120.824	-39.4963	95.4035
			*MESH_VERTEX 380	120.824	-39.4963	95.4035
			*MESH_VERTEX 381	113.919	-37.9022	96.8754
			*MESH_VERTEX 382	120.824	-39.4963	95.4035
			*MESH_VERTEX 383	120.094	-37.896	97.9533
			*MESH_VERTEX 384	113.919	-37.9022	96.8754
			*MESH_VERTEX 385	136.498	-25.047	94.8112
			*MESH_VERTEX 386	136.498	-25.047	94.8112
			*MESH_VERTEX 387	134.497	-24.7278	97.0504
			*MESH_VERTEX 388	134.497	-24.7278	97.0504
			*MESH_VERTEX 389	134.497	-24.7278	97.0504
			*MESH_VERTEX 390	132.349	-23.8354	99.3016
			*MESH_VERTEX 391	132.349	-23.8354	99.3016
			*MESH_VERTEX 392	132.349	-23.8354	99.3016
			*MESH_VERTEX 393	128.011	-23.5392	103.44
			*MESH_VERTEX 394	128.011	-23.5392	103.44
			*MESH_VERTEX 395	124.309	-23.3571	104.576
			*MESH_VERTEX 396	124.309	-23.3571	104.576
			*MESH_VERTEX 397	124.309	-23.3571	104.576
			*MESH_VERTEX 398	122.248	-23.9625	105.728
			*MESH_VERTEX 399	122.248	-23.9625	105.728
			*MESH_VERTEX 400	122.248	-23.9625	105.728
			*MESH_VERTEX 401	122.248	-23.9625	105.728
			*MESH_VERTEX 402	121.229	-26.1515	106.113
			*MESH_VERTEX 403	121.229	-26.1515	106.113
			*MESH_VERTEX 404	120.887	-29.1226	105.314
			*MESH_VERTEX 405	120.887	-29.1226	105.314
			*MESH_VERTEX 406	120.887	-29.1226	105.314
			*MESH_VERTEX 407	120.68	-30.4631	103.548
			*MESH_VERTEX 408	120.68	-30.4631	103.548
			*MESH_VERTEX 409	121.192	-32.3307	101.27
			*MESH_VERTEX 410	-39.1532	-18.278	78.123
			*MESH_VERTEX 411	-39.3985	-18.6315	73.7905
			*MESH_VERTEX 412	-31.0666	-31.4667	77.5839
			*MESH_VERTEX 413	-31.2541	-30.9894	73.2292
			*MESH_VERTEX 414	-20.5992	-39.0824	76.8379
			*MESH_VERTEX 415	-20.6258	-39.6073	72.6449
			*MESH_VERTEX 416	-39.2569	-0.638379	77.1221
			*MESH_VERTEX 417	-39.9356	-0.407373	81.257
			*MESH_VERTEX 418	-25.1339	20.9541	79.2768
			*MESH_VERTEX 419	-25.0443	19.209	82.9099
			*MESH_VERTEX 420	45.3176	0.196019	78.6477
			*MESH_VERTEX 421	45.8421	0.438705	82.8044
			*MESH_VERTEX 422	45.9339	-17.7898	75.3298
			*MESH_VERTEX 423	45.5257	-17.4428	79.6506
			*MESH_VERTEX 424	30.5167	19.757	83.9121
			*MESH_VERTEX 425	30.703	21.5049	80.284
			*MESH_VERTEX 426	42.5189	1.06748	152.233
			*MESH_VERTEX 427	42.5484	-13.9171	154.676
			*MESH_VERTEX 428	45.0975	3.28389	142.326
			*MESH_VERTEX 429	44.8792	-14.4133	139.211
			*MESH_VERTEX 430	46.9894	3.92011	123.311
			*MESH_VERTEX 431	46.898	-15.8733	117.968
			*MESH_VERTEX 432	46.2475	4.33177	111.106
			*MESH_VERTEX 433	45.0759	-14.8536	109.512
			*MESH_VERTEX 434	43.4101	-15.4256	103.211
			*MESH_VERTEX 435	38.1252	-31.2884	107.111
			*MESH_VERTEX 436	37.1835	-29.9012	100.846
			*MESH_VERTEX 437	27.2824	-39.3364	133.498
			*MESH_VERTEX 438	23.6351	-37.2452	147.463
			*MESH_VERTEX 439	31.4484	-32.7182	160.928
			*MESH_VERTEX 440	43.0545	-20.7794	168.084
			*MESH_VERTEX 441	35.1062	-23.5629	170.497
			*MESH_VERTEX 442	36.2588	-19.2844	184.965
			*MESH_VERTEX 443	6.02768	-20.2807	189.745
			*MESH_VERTEX 444	5.07659	-25.7116	183.977
			*MESH_VERTEX 445	1.69759	-27.3977	182.084
			*MESH_VERTEX 446	2.16645	-41.3613	148.268
			*MESH_VERTEX 447	2.48385	-47.8222	134.206
			*MESH_VERTEX 448	-34.1599	-0.335876	194.108
			*MESH_VERTEX 449	-43.2736	-1.39121	195.249
			*MESH_VERTEX 450	-35.9574	-9.54086	191.273
			*MESH_VERTEX 451	-43.0368	-11.4364	193.014
			*MESH_VERTEX 452	-39.0136	-1.5336	190.856
			*MESH_VERTEX 453	-39.503	-15.1839	186.267
			*MESH_VERTEX 454	-41.2685	-19.3664	183.744
			*MESH_VERTEX 455	-39.8073	-21.5969	166.589
			*MESH_VERTEX 456	-30.7218	-24.6146	169.689
			*MESH_VERTEX 457	-27.7177	-33.3018	159.861
			*MESH_VERTEX 458	-38.9534	-14.7211	153.206
			*MESH_VERTEX 459	-40.7148	-15.2578	137.667
			*MESH_VERTEX 460	-19.336	-37.6692	146.688
			*MESH_VERTEX 461	-22.4356	-39.8268	132.601
			*MESH_VERTEX 462	-0.220894	-29.5773	185.411
			*MESH_VERTEX 463	-8.08959	-20.7731	194.274
			*MESH_VERTEX 464	-33.1327	-20.0159	183.701
			*MESH_VERTEX 465	-108.092	4.16743	125.719
			*MESH_VERTEX 466	-111.945	5.0262	123.551
			*MESH_VERTEX 467	-111.315	-7.93993	127.408
			*MESH_VERTEX 468	-115.536	-7.8773	125.76
			*MESH_VERTEX 469	-96.151	-22.9104	113.523
			*MESH_VERTEX 470	-98.2014	-25.7509	110.496
			*MESH_VERTEX 471	-95.296	-6.68682	108.566
			*MESH_VERTEX 472	-98.227	-6.52026	105.13
			*MESH_VERTEX 473	-107.703	-22.9704	123.917
			*MESH_VERTEX 474	-111.628	-23.8276	121.714
			*MESH_VERTEX 475	-101.185	5.57159	106.145
			*MESH_VERTEX 476	-97.8559	4.61676	109.734
			*MESH_VERTEX 477	112.418	-20.8342	127.854
			*MESH_VERTEX 478	116.449	-21.6247	125.785
			*MESH_VERTEX 479	117.147	-5.44721	133.644
			*MESH_VERTEX 480	121.443	-5.28991	132.137
			*MESH_VERTEX 481	106.009	7.59264	109.857
			*MESH_VERTEX 482	103.344	-4.53204	108.767
			*MESH_VERTEX 483	102.563	6.56711	113.332
			*MESH_VERTEX 484	100.295	-4.75741	112.094
			*MESH_VERTEX 485	116.099	8.97243	127.404
			*MESH_VERTEX 486	112.149	8.0478	129.43
			*MESH_VERTEX 487	103.504	-23.7611	114.135
			*MESH_VERTEX 488	101.29	-20.9625	117.084
			*MESH_VERTEX 489	29.7804	15.7262	115.151
			*MESH_VERTEX 490	31.7813	18.4692	127.8
			*MESH_VERTEX 491	2.12415	22.7379	115.561
			*MESH_VERTEX 492	1.80332	28.584	130.156
			*MESH_VERTEX 493	-27.8649	17.8808	126.723
			*MESH_VERTEX 494	-25.3557	15.1824	114.156
			*MESH_VERTEX 495	-42.6116	3.03636	121.695
			*MESH_VERTEX 496	-41.4383	3.46675	109.524
			*MESH_VERTEX 497	131.07	6.70285	105.4
			*MESH_VERTEX 498	129.392	5.35045	107.001
